*************************************************
******************* ORCA 6.1.0 ******************
*************************************************
$Calculation_Status
   &GeometryIndex 1
   &version [&Type "String"] "6.1.0"
   &progName [&Type "String"] "LeanSCF"
   &Status [&Type "String"] "NORMAL TERMINATION"
$End
$Geometry
   &GeometryIndex 1
   &NAtoms [&Type "Integer"] 6
   &NCorelessECP [&Type "Integer"] 0
   &NGhostAtoms [&Type "Integer"] 0
   &CartesianCoordinates [&Type "Coordinates", &Dim(6,4), &Units "Bohr"] 
              C     -2.432311287465   -0.000006943482   -0.000007565227
              C      0.318012685783    0.000040627362    0.000036638330
              N      2.490504082567   -0.000018886182   -0.000015381327
              H     -3.143161912934    1.934395104036   -0.007346433128
              H     -3.143019106913   -0.973590986381   -1.671627777629
              H     -3.143163809217   -0.960942774616    1.678841755836
$End
$SCF_Energy
   &GeometryIndex 1
   &Method [&Type "String"] "SCF"
   &totalEnergy [&Type "ArrayOfDoubles", &Dim (1,1)] "Total energy of each state"
                                                         0

0                                     -1.3272977293407482e+02
   &Mult [&Type "ArrayOfIntegers", &Dim (1,1)] "Multiplicity of each state"
                                                         0

0                                                        1
$End
$DFT_Energy
   &GeometryIndex 1
   &nAlphaEl [&Type "Integer"] 11
   &nBetaEl [&Type "Integer"] 11
   &nTotalEl [&Type "Integer"] 22
   &finalEn [&Type "Double"]      -1.3272977293407482e+02  "No Van der Waals correction"
   &eExchange [&Type "Double"]      -1.4294446348729961e+01
   &eCorr [&Type "Double"]      -8.5502492377110673e-01
   &eXC [&Type "Double"]      -1.5149471272501067e+01
   &eCNL [&Type "Double"]       0.0000000000000000e+00
$End
$SCF_Timings
   &GeometryIndex 1
   &TOTAL [&Type "Double"]       2.1159305000000000e+01
   &PREP [&Type "Double"]       4.8776000000000000e-02
   &FOCK [&Type "Double"]       2.0922826000000004e+01
   &DENS [&Type "Double"]       7.6810000000087086e-03
   &ETOT [&Type "Double"]       1.3920000000018362e-03
   &TRAFO [&Type "Double"]       4.2189999999995287e-03
   &DIIS [&Type "Double"]       1.7152999999999086e-02
   &SOSCF [&Type "Double"]       1.8636999999999126e-02
   &XC [&Type "Double"]       4.3220939999999999e+00
   &FOCKSTART [&Type "Double"]       9.4700000000454143e-04
   &INT_PREP [&Type "Double"]       2.0000000020559128e-06
   &INT_BF [&Type "Double"]       1.2377429999998877e+00
   &INT_DENS [&Type "Double"]       9.3730400000010938e-01
   &INT_DENSIO [&Type "Double"]       9.6379975325000240e+04
   &INT_FUNC [&Type "Double"]       1.7657300000001253e-01
   &INT_POT [&Type "Double"]       1.8822460000000512e+00
   &INT_POTIO [&Type "Double"]       2.5473000000042045e-02
   &INT_SUM [&Type "Double"]       5.9999999986182218e-06
   &SPLITRIJ [&Type "Double"]       8.5159900000000111e-01
   &COSX [&Type "Double"]       1.5691003999999996e+01
$End
$Single_Point_Data
   &GeometryIndex 1
   &FinalEnergy [&Type "Double"]      -1.3272977293407482e+02  "Final single point energy"
   &Converged [&Type "Boolean"] true
$End
$SCF_Dipole_Moment
   &GeometryIndex 1
   &dipoleMagnitude [&Type "Double", &Units "a.u."]       1.5855304087948832e+00
   &dipoleElecContrib [&Type "ArrayOfDoubles", &Dim (3,1)] "Electronic contribution"
                                                         0

0                                      3.0960774524886685e+00
1                                      5.1416403098186866e-05
2                                      6.4296637377783510e-05
   &dipoleNucContrib [&Type "ArrayOfDoubles", &Dim (3,1)] "Nuclear contribution"
                                                         0

0                                     -4.6816078611881187e+00
1                                     -6.8756955033166811e-05
2                                     -6.5685587155250857e-05
   &dipoleTotal [&Type "ArrayOfDoubles", &Dim (3,1)] "Total"
                                                         0

0                                     -1.5855304086994502e+00
1                                     -1.7340551934979945e-05
2                                     -1.3889497774673479e-06
   &doAtomicDipole [&Type "Boolean"] false
   &Method [&Type "String"] "SCF"
   &Level [&Type "String"] "Relaxed density"
   &Mult [&Type "Integer"] 1
   &State [&Type "Integer"] -1
   &Irrep [&Type "Integer"] 0
$End
$THERMOCHEMISTRY_Energies
   &GeometryIndex 1
   &temperature [&Type "Double"]       2.9814999999999998e+02
   &pressure [&Type "Double"]       1.0000000000000000e+00
   &totalMass [&Type "Double"]       4.1026549101090005e+01
   &spinDegeneracy [&Type "Integer"] 1
   &elEnergy [&Type "Double"]      -1.3272977293407482e+02
   &transEnergy [&Type "Double"]       1.4162714244859817e-03
   &rotEnergy [&Type "Double"]       1.4162714244859817e-03
   &vibEnergy [&Type "Double"]       7.7934070713417533e-04
   &numOfFreqs [&Type "Integer"] 18
   &freqScalingFactor [&Type "Double"]       1.0000000000000000e+00
   &FREQ [&Type "ArrayOfDoubles", &Units "cm^-1", &Dim (18,1)] 
                                                         0

0                                      0.0000000000000000e+00
1                                      0.0000000000000000e+00
2                                      0.0000000000000000e+00
3                                      0.0000000000000000e+00
4                                      0.0000000000000000e+00
5                                      0.0000000000000000e+00
6                                      3.8174860926660915e+02
7                                      3.8180311649638014e+02
8                                      9.2901557775976607e+02
9                                      1.0626384993332290e+03
10                                     1.0628007819221671e+03
11                                     1.4133238351479647e+03
12                                     1.4731639320053735e+03
13                                     1.4731857496892890e+03
14                                     2.3642185169603663e+03
15                                     3.0484216194879741e+03
16                                     3.1161540801818201e+03
17                                     3.1163848772237379e+03
   &zpe [&Type "Double"]       4.5159796144009327e-02
   &innerEnergyU [&Type "Double"]      -1.3268100125437468e+02
   &enthalpyH [&Type "Double"]      -1.3268005704533243e+02
   &qEl [&Type "Double"]       0.0000000000000000e+00
   &qRot [&Type "Double"]       8.7920935606440806e-03
   &qVib [&Type "Double"]       1.1318884643977067e-03
   &qTrans [&Type "Double"]       1.7609413975348188e-02
   &entropyS [&Type "Double"]       2.7533396000389974e-02
   &freeEnergyG [&Type "Double"]      -1.3270759044133283e+02
   &isLinear [&Type "Boolean"] false
$End
$Hessian
   &GeometryIndex 1
   &HESSIAN [&Type "ArrayOfDoubles", &Dim (18,18)] "The Hessian"
                                                         0                           1                           2                           3                           4                           5                           6                           7

0                                      5.0208858473523665e-01         2.9826443486622584e-05        -1.3525518160542593e-05        -2.7126914457081774e-01        -6.8287343663761621e-06        -4.6597418996679211e-07        -7.4933568885655680e-03        -8.3492300143368526e-08
1                                      2.9826443486622584e-05         5.4328905412976225e-01        -7.7088241144315783e-06         1.3594227462264714e-06        -7.1753635131241278e-02         1.2159019996035997e-06        -6.1329120544774997e-06         1.8936302331131041e-02
2                                     -1.3525518160542593e-05        -7.7088241144315783e-06         5.4328903974575882e-01        -3.0436678503066397e-06         1.2052398888311079e-06        -7.1749121721559977e-02         1.1959613260298195e-06        -2.8890993647638455e-07
3                                     -2.7126914457081774e-01         1.3594227462264714e-06        -3.0436678503066397e-06         1.5823373983418294e+00        -1.9655675345052383e-05        -2.3410518866757253e-05        -1.2510463898360826e+00         3.0274977285094703e-05
4                                     -6.8287343663761621e-06        -7.1753635131241278e-02         1.2052398888311079e-06        -1.9655675345052383e-05         1.0616922053501823e-01         1.1805947574736707e-07         2.5672859269860676e-05        -3.7899417473867714e-02
5                                     -4.6597418996679211e-07         1.2159019996035997e-06        -7.1749121721559977e-02        -2.3410518866757253e-05         1.1805947574736707e-07         1.0616472669644807e-01         2.6743057536247971e-05        -1.1731871146880587e-07
6                                     -7.4933568885655680e-03        -6.1329120544774997e-06         1.1959613260298195e-06        -1.2510463898360826e+00         2.5672859269860676e-05         2.6743057536247971e-05         1.2583443153265903e+00        -2.8829028362944552e-05
7                                     -8.3492300143368526e-08         1.8936302331131041e-02        -2.8890993647638455e-07         3.0274977285094703e-05        -3.7899417473867714e-02        -1.1731871146880587e-07        -2.8829028362944552e-05         1.8609063510413776e-02
8                                     -1.4987657029167732e-06        -3.1018606779008308e-07         1.8939597569678390e-02         2.9181463920547273e-05        -1.1679167834747301e-07        -3.7898234820432947e-02        -2.7940589575624602e-05         1.3484907466333003e-07
9                                     -7.4447652778318552e-02         8.4226027637414880e-02        -3.1962170259358620e-04        -2.0007498943539440e-02         3.5459003683323463e-02        -1.3451477410664626e-04         6.5487832240803540e-05        -4.3968157453657189e-03
10                                     8.3951377200753075e-02        -2.8307388308338993e-01         9.0820783774458742e-04         4.1805264970269868e-03         4.7776803424304012e-03        -2.7505523069489427e-05        -2.7495462176385863e-03        -7.8858396702406958e-04
11                                    -3.1783371996023347e-04         9.0660090761061256e-04        -4.3906983543069808e-02        -1.6300814151793525e-05        -2.6444218462563381e-05        -2.4517456419621414e-03         1.0394384408540612e-05         6.7532307017567412e-06
12                                    -7.4432234791329085e-02        -4.2397721265541144e-02        -7.2813077798141196e-02        -2.0007085769740383e-02        -1.7845360140539557e-02        -3.0636726109989319e-02         6.4990637573807131e-05         2.2123485761421880e-03
13                                    -4.2254591244776429e-02        -1.0447927673683881e-01        -1.0403032883460731e-01        -2.1101866546296109e-03        -6.2313139875080220e-04         3.1479408703476179e-03         1.3882182272932746e-03         5.6536844310431540e-04
14                                    -7.2549789110981755e-02        -1.0401530975205990e-01        -2.2250702741375838e-01        -3.6207313627121098e-03         3.1455660428939222e-03         2.9421772129787638e-03         2.3804718246005115e-03        -7.8921550996235166e-04
15                                    -7.4446195706205726e-02        -4.1857042065888500e-02         7.3147661550669110e-02        -2.0007279221649316e-02        -1.7612934734653814e-02         3.0768361332393610e-02         6.4952928243310407e-05         2.1835076158367170e-03
16                                    -4.1716017432960363e-02        -1.0291856150942327e-01         1.0312972046241070e-01        -2.0822158247721725e-03        -6.7071687358882456e-04        -3.1216125213877040e-03         1.3702141682576802e-03         5.7726715624265425e-04
17                                     7.2883524263745919e-02         1.0311470498124600e-01        -2.2406550463704908e-01         3.6343178868832524e-03        -3.1203678007718960e-03         2.9921982745282332e-03        -2.3908440500183120e-03         7.8274045769890404e-04
                                                         8                           9                          10                          11                          12                          13                          14                          15

0                                     -1.4987657029167732e-06        -7.4447652778318552e-02         8.3951377200753075e-02        -3.1783371996023347e-04        -7.4432234791329085e-02        -4.2254591244776429e-02        -7.2549789110981755e-02        -7.4446195706205726e-02
1                                     -3.1018606779008308e-07         8.4226027637414880e-02        -2.8307388308338993e-01         9.0660090761061256e-04        -4.2397721265541144e-02        -1.0447927673683881e-01        -1.0401530975205990e-01        -4.1857042065888500e-02
2                                      1.8939597569678390e-02        -3.1962170259358620e-04         9.0820783774458742e-04        -4.3906983543069808e-02        -7.2813077798141196e-02        -1.0403032883460731e-01        -2.2250702741375838e-01         7.3147661550669110e-02
3                                      2.9181463920547273e-05        -2.0007498943539440e-02         4.1805264970269868e-03        -1.6300814151793525e-05        -2.0007085769740383e-02        -2.1101866546296109e-03        -3.6207313627121098e-03        -2.0007279221649316e-02
4                                     -1.1679167834747301e-07         3.5459003683323463e-02         4.7776803424304012e-03        -2.6444218462563381e-05        -1.7845360140539557e-02        -6.2313139875080220e-04         3.1455660428939222e-03        -1.7612934734653814e-02
5                                     -3.7898234820432947e-02        -1.3451477410664626e-04        -2.7505523069489427e-05        -2.4517456419621414e-03        -3.0636726109989319e-02         3.1479408703476179e-03         2.9421772129787638e-03         3.0768361332393610e-02
6                                     -2.7940589575624602e-05         6.5487832240803540e-05        -2.7495462176385863e-03         1.0394384408540612e-05         6.4990637573807131e-05         1.3882182272932746e-03         2.3804718246005115e-03         6.4952928243310407e-05
7                                      1.3484907466333003e-07        -4.3968157453657189e-03        -7.8858396702406958e-04         6.7532307017567412e-06         2.2123485761421880e-03         5.6536844310431540e-04        -7.8921550996235166e-04         2.1835076158367170e-03
8                                      1.8606906745790904e-02         1.6613831325731966e-05         6.9602885725839341e-06         1.0241225254405554e-03         3.7977466613850772e-03        -7.8983590641733942e-04        -3.3010055895241739e-04        -3.8141231896302082e-03
9                                      1.6613831325731966e-05         8.5865240858954334e-02        -9.3622107301262220e-02         3.5476857342457832e-04         4.2618955409166655e-03        -1.0824135119464165e-02         1.5347312593687549e-03         4.2625274897461918e-03
10                                     6.9602885725839341e-06        -9.3622107301262220e-02         3.0491233948787727e-01        -9.9117663456212840e-04         4.1558188456484717e-03        -1.3004676904657005e-02         7.0066208662471902e-04         4.0793903568475485e-03
11                                     1.0241225254405554e-03         3.5476857342457832e-04        -9.9117663456212840e-04         4.3519585688442906e-02         1.0109834833640122e-02        -2.4544400474779859e-02         9.9827585537266318e-04        -1.0140530777076787e-02
12                                     3.7977466613850772e-03         4.2618955409166655e-03         4.1558188456484717e-03         1.0109834833640122e-02         8.5853079611045005e-02         4.7133544445376166e-02         8.0923211213402721e-02         4.2593547715339790e-03
13                                    -7.8983590641733942e-04        -1.0824135119464165e-02        -1.3004676904657005e-02        -2.4544400474779859e-02         4.7133544445376166e-02         1.0972324369519440e-01         1.1369145585165709e-01         6.6711975666604280e-03
14                                    -3.3010055895241739e-04         1.5347312593687549e-03         7.0066208662471902e-04         9.9827585537266318e-04         8.0923211213402721e-02         1.1369145585165709e-01         2.3870984433241058e-01        -8.6634492050348295e-03
15                                    -3.8141231896302082e-03         4.2625274897461918e-03         4.0793903568475485e-03        -1.0140530777076787e-02         4.2593547715339790e-03         6.6711975666604280e-03        -8.6634492050348295e-03         8.5866639738331557e-02
16                                     7.8316094765120249e-04        -1.0837432536021527e-02        -1.2822875875236681e-02         2.4648060354406205e-02         6.7373223184542114e-03         7.8184729019479034e-03        -1.2736269941270601e-02         4.6532005284119896e-02
17                                    -3.4229146152448377e-04        -1.4523096677032596e-03        -5.9654122022429618e-04         8.1674511577582536e-04         8.6145665810592985e-03         1.2528279715916895e-02        -1.9813169428051190e-02        -8.1293587362643915e-02
                                                        16                          17

0                                     -4.1716017432960363e-02         7.2883524263745919e-02
1                                     -1.0291856150942327e-01         1.0311470498124600e-01
2                                      1.0312972046241070e-01        -2.2406550463704908e-01
3                                     -2.0822158247721725e-03         3.6343178868832524e-03
4                                     -6.7071687358882456e-04        -3.1203678007718960e-03
5                                     -3.1216125213877040e-03         2.9921982745282332e-03
6                                      1.3702141682576802e-03        -2.3908440500183120e-03
7                                      5.7726715624265425e-04         7.8274045769890404e-04
8                                      7.8316094765120249e-04        -3.4229146152448377e-04
9                                     -1.0837432536021527e-02        -1.4523096677032596e-03
10                                    -1.2822875875236681e-02        -5.9654122022429618e-04
11                                     2.4648060354406205e-02         8.1674511577582536e-04
12                                     6.7373223184542114e-03         8.6145665810592985e-03
13                                     7.8184729019479034e-03         1.2528279715916895e-02
14                                    -1.2736269941270601e-02        -1.9813169428051190e-02
15                                     4.6532005284119896e-02        -8.1293587362643915e-02
16                                     1.0801641420005824e-01        -1.1270593771783771e-01
17                                    -1.1270593771783771e-01         2.4041202213632071e-01
   &MODES [&Type "ArrayOfDoubles", &Dim (18,18)] "The modes of vibrations"
                                                         0                           1                           2                           3                           4                           5                           6                           7

0                                      0.0000000000000000e+00         0.0000000000000000e+00         0.0000000000000000e+00         0.0000000000000000e+00         0.0000000000000000e+00         0.0000000000000000e+00         4.7611674095728857e-06         2.1662874558186640e-07
1                                      0.0000000000000000e+00         0.0000000000000000e+00         0.0000000000000000e+00         0.0000000000000000e+00         0.0000000000000000e+00         0.0000000000000000e+00         1.2005067983864963e-03        -3.8406522051388114e-02
2                                      0.0000000000000000e+00         0.0000000000000000e+00         0.0000000000000000e+00         0.0000000000000000e+00         0.0000000000000000e+00         0.0000000000000000e+00        -3.8390594574804308e-02        -1.2003281953452314e-03
3                                      0.0000000000000000e+00         0.0000000000000000e+00         0.0000000000000000e+00         0.0000000000000000e+00         0.0000000000000000e+00         0.0000000000000000e+00         1.0052389565260820e-06        -9.4751831179148195e-07
4                                      0.0000000000000000e+00         0.0000000000000000e+00         0.0000000000000000e+00         0.0000000000000000e+00         0.0000000000000000e+00         0.0000000000000000e+00        -6.8368463525040153e-03         2.1870810235776525e-01
5                                      0.0000000000000000e+00         0.0000000000000000e+00         0.0000000000000000e+00         0.0000000000000000e+00         0.0000000000000000e+00         0.0000000000000000e+00         2.1869551783855060e-01         6.8366060225657707e-03
6                                      0.0000000000000000e+00         0.0000000000000000e+00         0.0000000000000000e+00         0.0000000000000000e+00         0.0000000000000000e+00         0.0000000000000000e+00        -6.5624984238839155e-06        -7.8977102340311287e-06
7                                      0.0000000000000000e+00         0.0000000000000000e+00         0.0000000000000000e+00         0.0000000000000000e+00         0.0000000000000000e+00         0.0000000000000000e+00         3.8098757225649930e-03        -1.2187527354876188e-01
8                                      0.0000000000000000e+00         0.0000000000000000e+00         0.0000000000000000e+00         0.0000000000000000e+00         0.0000000000000000e+00         0.0000000000000000e+00        -1.2187290148934558e-01        -3.8098284574009924e-03
9                                      0.0000000000000000e+00         0.0000000000000000e+00         0.0000000000000000e+00         0.0000000000000000e+00         0.0000000000000000e+00         0.0000000000000000e+00         1.0292092926171646e-02        -2.9344459440267490e-01
10                                     0.0000000000000000e+00         0.0000000000000000e+00         0.0000000000000000e+00         0.0000000000000000e+00         0.0000000000000000e+00         0.0000000000000000e+00         4.6449600400884604e-03        -1.4909369174911180e-01
11                                     0.0000000000000000e+00         0.0000000000000000e+00         0.0000000000000000e+00         0.0000000000000000e+00         0.0000000000000000e+00         0.0000000000000000e+00        -1.5321813704972795e-01        -4.7847886953491063e-03
12                                     0.0000000000000000e+00         0.0000000000000000e+00         0.0000000000000000e+00         0.0000000000000000e+00         0.0000000000000000e+00         0.0000000000000000e+00         2.4909509804084540e-01         1.5568942235250302e-01
13                                     0.0000000000000000e+00         0.0000000000000000e+00         0.0000000000000000e+00         0.0000000000000000e+00         0.0000000000000000e+00         0.0000000000000000e+00         6.4878075216496462e-03        -1.5208094296450658e-01
14                                     0.0000000000000000e+00         0.0000000000000000e+00         0.0000000000000000e+00         0.0000000000000000e+00         0.0000000000000000e+00         0.0000000000000000e+00        -1.5020475100137504e-01        -2.9543869626697901e-03
15                                     0.0000000000000000e+00         0.0000000000000000e+00         0.0000000000000000e+00         0.0000000000000000e+00         0.0000000000000000e+00         0.0000000000000000e+00        -2.5936466892800791e-01         1.3787360817931110e-01
16                                     0.0000000000000000e+00         0.0000000000000000e+00         0.0000000000000000e+00         0.0000000000000000e+00         0.0000000000000000e+00         0.0000000000000000e+00         3.0424141433193965e-03        -1.5226765363234818e-01
17                                     0.0000000000000000e+00         0.0000000000000000e+00         0.0000000000000000e+00         0.0000000000000000e+00         0.0000000000000000e+00         0.0000000000000000e+00        -1.5009216253993021e-01        -6.4359277941946650e-03
                                                         8                           9                          10                          11                          12                          13                          14                          15

0                                     -1.9882807388801085e-01         2.8710386296421886e-06        -4.3146776620707180e-05         1.2803153584910526e-01         2.0826999126163529e-06        -1.1064015006425346e-04         2.8095412347823836e-02        -4.7379625085123007e-02
1                                     -3.7877517072381016e-06         2.1867270088569758e-03         1.3114497164766381e-01         7.6662654512562101e-05        -2.9300529478592315e-03         4.5743500873439119e-02         1.2628958248411364e-06         2.1084274172492157e-05
2                                     -1.7859200159794654e-07         1.3114345429077107e-01        -2.1857996508859376e-03         2.0556619044128569e-06         4.5778933180030158e-02         2.9304151348032987e-03         6.1148237158685978e-07        -2.7092910320882067e-05
3                                      9.1094260420273174e-02        -2.7430726994975774e-06        -1.3107514896760747e-06        -6.7646944759282377e-04         6.0871819640731679e-07         4.4271422820194150e-07        -2.2505684643677376e-01        -3.1091448210510530e-03
4                                      1.0592203679317718e-05        -1.6669680021201040e-03        -1.0003303143648740e-01         1.9685556239968427e-06        -1.4972561723661498e-03         2.3390889357290310e-02         3.6902052229010469e-06         1.0286619975844759e-07
5                                      5.1315406286706581e-06        -1.0006483691083431e-01         1.6682677005292186e-03         2.5503567569539086e-06         2.3372400690183138e-02         1.4979278707999953e-03         4.0305852074989408e-06        -2.7835167828707466e-07
6                                      1.4038962601132091e-01        -8.1640594101476144e-07         5.7729149457198405e-06        -7.7148649531348272e-03        -1.1345930204629792e-07         6.3207360821136351e-06         1.6511825559134483e-01         2.3719055103607282e-03
7                                     -4.7556816048287826e-06         2.8066698501098424e-04         1.6847422528508297e-02        -5.1162189384976345e-06         2.1184238023829453e-04        -3.3125241106806208e-03        -3.7678904266914454e-06        -1.9398632537508056e-06
8                                     -2.6274024629416608e-06         1.6862998111089034e-02        -2.8121562394991422e-04        -6.4431197896311355e-08        -3.3136318520445335e-03        -2.1239480756659736e-04        -3.8872221702294718e-06        -1.0126813211445928e-07
9                                     -2.2262562019080123e-01        -7.5142989073951356e-03        -5.8361290082301087e-01        -4.6963476788389547e-01        -2.5506898696528668e-02         3.7657677544467316e-01         1.7000118836947634e-02         1.8943402823849947e-01
10                                    -8.1528843367698871e-03        -2.4325164798367827e-03        -9.9513838352417991e-02        -2.1144156612210474e-01        -1.3872370696476552e-02         1.6630125234101201e-01         4.7160256376722115e-03        -5.3486879944233712e-01
11                                     2.2762353868512634e-05        -3.0321957649425879e-01         4.2640606649010536e-03         7.7503283727478156e-04        -6.8432903014837432e-01        -4.7032821932182195e-02        -1.7322289393002744e-05         2.0216663620275591e-03
12                                    -2.2259899057901034e-01         5.0935430912568558e-01         2.8550716765076034e-01        -4.6981133756335158e-01        -3.1289322899928740e-01        -2.0978747593429778e-01         1.6986108248329662e-02         1.8943290669419366e-01
13                                     4.0960529222230490e-03         8.4320389519937200e-02        -2.5330369691709520e-01         1.0598471114488639e-01         4.0006679188267935e-01        -4.4535014975473480e-01        -2.3775770989454595e-03         2.6916146202358188e-01
14                                     7.0350902701984512e-03        -1.4972985217636867e-01         9.1094876532402544e-02         1.8315417435530515e-01        -7.2884711288754456e-02         3.6671935609123335e-01        -4.0886445424955517e-03         4.6211928965773386e-01
15                                    -2.2262996651172035e-01        -5.0183019045659416e-01         2.9855487044076734e-01        -4.6975581604395655e-01         3.3836965788476442e-01        -1.6556502004176329e-01         1.6988947078325493e-02         1.8933811273710513e-01
16                                     4.0418890766116952e-03        -9.1976239886919123e-02        -2.5171099646988643e-01         1.0459169316704706e-01        -3.3642262220243641e-01        -4.9809707282726001e-01        -2.3450718749945085e-03         2.6548201890760093e-01
17                                    -7.0803204847301815e-03        -1.5139874642597823e-01        -8.5289464547681396e-02        -1.8398315503805443e-01        -2.0118582469920803e-02        -3.6946296782009341e-01         4.1047049548891606e-03        -4.6381364403743419e-01
                                                        16                          17

0                                      1.2250284442311044e-05        -1.8735358314707819e-05
1                                      8.7911376798011573e-02        -6.7768004440846123e-03
2                                      6.7755933774925970e-03         8.7902047801782360e-02
3                                      4.0595688389844182e-06        -5.6053109171491380e-07
4                                      6.4159193342689118e-04        -4.9358735934122206e-05
5                                      4.9708493939715415e-05         6.4246730092221821e-04
6                                     -2.6718549435664003e-06         6.7723910836171307e-07
7                                      1.4500450466852261e-04        -1.1181202958892589e-05
8                                      1.1364535878624881e-05         1.4760126531088106e-04
9                                      2.6931234131819476e-01        -2.1729216160289496e-02
10                                    -7.2303951875039352e-01         5.8400787158079094e-02
11                                     4.2888490328174891e-03         1.8900915906956587e-02
12                                    -1.5359311396119085e-01        -2.2234208349296203e-01
13                                    -1.9389063348378319e-01        -3.0981027926778554e-01
14                                    -3.6425444049191891e-01        -5.1027942149301586e-01
15                                    -1.1587630229740439e-01         2.4429164270529177e-01
16                                    -1.3946961909451777e-01         3.3284275557124232e-01
17                                     2.7853998853222967e-01        -5.6495669013548255e-01
$End
